"","V1","V2","V3","V4","V5","V6","V7","V8","V9","V10","V11","V12","V13","V14","V15"
"1",0.0868055555555556,0.0451388888888889,0.0451388888888889,0.180555555555556,0.0347222222222222,0.0555555555555556,0.0347222222222222,0.0347222222222222,0.0868055555555556,0.0659722222222222,0.0763888888888889,0.0451388888888889,0.0868055555555556,0.0555555555555556,0.0659722222222222
"2",0.0811965811965812,0.0555555555555556,0.0683760683760684,0.0811965811965812,0.0427350427350427,0.0427350427350427,0.0555555555555556,0.0427350427350427,0.11965811965812,0.0555555555555556,0.106837606837607,0.0427350427350427,0.0555555555555556,0.094017094017094,0.0555555555555556
"3",0.043859649122807,0.043859649122807,0.0570175438596491,0.135964912280702,0.043859649122807,0.0570175438596491,0.043859649122807,0.0570175438596491,0.0833333333333333,0.0701754385964912,0.0570175438596491,0.043859649122807,0.0833333333333333,0.109649122807018,0.0701754385964912
"4",0.0497512437810945,0.0646766169154229,0.0646766169154229,0.0646766169154229,0.0646766169154229,0.0497512437810945,0.0796019900497513,0.0646766169154229,0.0796019900497513,0.0646766169154229,0.0796019900497513,0.0497512437810945,0.0646766169154229,0.0945273631840796,0.0646766169154229
"5",0.12280701754386,0.0570175438596491,0.0701754385964912,0.0701754385964912,0.043859649122807,0.0964912280701754,0.0570175438596491,0.043859649122807,0.043859649122807,0.043859649122807,0.0833333333333333,0.0570175438596491,0.0964912280701754,0.0701754385964912,0.043859649122807
"6",0.141552511415525,0.0593607305936073,0.045662100456621,0.0867579908675799,0.0593607305936073,0.0593607305936073,0.0867579908675799,0.045662100456621,0.045662100456621,0.0730593607305936,0.0730593607305936,0.045662100456621,0.045662100456621,0.0730593607305936,0.0593607305936073
"7",0.147186147186147,0.0432900432900433,0.0432900432900433,0.121212121212121,0.0692640692640693,0.0432900432900433,0.0562770562770563,0.0692640692640693,0.0432900432900433,0.0562770562770563,0.0562770562770563,0.0562770562770563,0.0562770562770563,0.0692640692640693,0.0692640692640693
"8",0.087719298245614,0.0350877192982456,0.0350877192982456,0.171929824561403,0.0350877192982456,0.0666666666666667,0.0771929824561404,0.056140350877193,0.087719298245614,0.0456140350877193,0.129824561403509,0.0350877192982456,0.0350877192982456,0.0350877192982456,0.0666666666666667
"9",0.0801282051282051,0.0608974358974359,0.0512820512820513,0.21474358974359,0.0320512820512821,0.0608974358974359,0.0512820512820513,0.0320512820512821,0.118589743589744,0.0608974358974359,0.0705128205128205,0.0320512820512821,0.0320512820512821,0.0416666666666667,0.0608974358974359
"10",0.125730994152047,0.0467836257309942,0.0467836257309942,0.187134502923977,0.0292397660818713,0.0380116959064328,0.0467836257309942,0.0467836257309942,0.134502923976608,0.0292397660818713,0.0730994152046784,0.0467836257309942,0.0292397660818713,0.0467836257309942,0.0730994152046784
"11",0.160130718954248,0.0326797385620915,0.042483660130719,0.160130718954248,0.0522875816993464,0.0326797385620915,0.0326797385620915,0.0326797385620915,0.0718954248366013,0.0620915032679739,0.042483660130719,0.0522875816993464,0.0718954248366013,0.0620915032679739,0.0915032679738562
"12",0.235087719298246,0.0456140350877193,0.0456140350877193,0.129824561403509,0.0350877192982456,0.0350877192982456,0.0350877192982456,0.0456140350877193,0.056140350877193,0.0456140350877193,0.056140350877193,0.0666666666666667,0.0456140350877193,0.056140350877193,0.0666666666666667
"13",0.33641975308642,0.0308641975308642,0.0401234567901235,0.179012345679012,0.0308641975308642,0.0308641975308642,0.0401234567901235,0.0308641975308642,0.0493827160493827,0.0401234567901235,0.0401234567901235,0.0401234567901235,0.0308641975308642,0.0308641975308642,0.0493827160493827
"14",0.350340136054422,0.0442176870748299,0.0340136054421769,0.136054421768707,0.0442176870748299,0.0340136054421769,0.0340136054421769,0.0340136054421769,0.054421768707483,0.0340136054421769,0.054421768707483,0.0340136054421769,0.0340136054421769,0.0340136054421769,0.0442176870748299
"15",0.319298245614035,0.0456140350877193,0.0350877192982456,0.140350877192982,0.056140350877193,0.0350877192982456,0.0350877192982456,0.0456140350877193,0.0350877192982456,0.0350877192982456,0.0666666666666667,0.0350877192982456,0.0350877192982456,0.0456140350877193,0.0350877192982456
"16",0.19047619047619,0.0476190476190476,0.0476190476190476,0.0619047619047619,0.0619047619047619,0.0476190476190476,0.0476190476190476,0.0619047619047619,0.0476190476190476,0.0476190476190476,0.0619047619047619,0.0476190476190476,0.0476190476190476,0.0904761904761905,0.0904761904761905
"17",0.168949771689498,0.0593607305936073,0.045662100456621,0.127853881278539,0.045662100456621,0.045662100456621,0.0593607305936073,0.045662100456621,0.045662100456621,0.045662100456621,0.0593607305936073,0.045662100456621,0.0867579908675799,0.0730593607305936,0.045662100456621
"18",0.224806201550388,0.062015503875969,0.0503875968992248,0.062015503875969,0.0387596899224806,0.0387596899224806,0.0736434108527132,0.062015503875969,0.0503875968992248,0.0503875968992248,0.0503875968992248,0.0387596899224806,0.062015503875969,0.062015503875969,0.0736434108527132
"19",0.125925925925926,0.0592592592592593,0.0481481481481482,0.0925925925925926,0.0481481481481482,0.0481481481481482,0.125925925925926,0.0703703703703704,0.037037037037037,0.0481481481481482,0.0592592592592593,0.0481481481481482,0.0925925925925926,0.0481481481481482,0.0481481481481482
"20",0.12015503875969,0.0736434108527132,0.0503875968992248,0.0968992248062016,0.062015503875969,0.0387596899224806,0.12015503875969,0.0968992248062016,0.0387596899224806,0.0736434108527132,0.062015503875969,0.0387596899224806,0.0503875968992248,0.0387596899224806,0.0387596899224806
"21",0.176954732510288,0.0534979423868313,0.065843621399177,0.102880658436214,0.0411522633744856,0.0411522633744856,0.0905349794238683,0.065843621399177,0.0411522633744856,0.0411522633744856,0.0781893004115226,0.065843621399177,0.0411522633744856,0.0534979423868313,0.0411522633744856
"22",0.23015873015873,0.0634920634920635,0.0873015873015873,0.0873015873015873,0.0634920634920635,0.0396825396825397,0.0515873015873016,0.0396825396825397,0.0515873015873016,0.0515873015873016,0.0634920634920635,0.0396825396825397,0.0515873015873016,0.0396825396825397,0.0396825396825397
"23",0.205673758865248,0.0460992907801418,0.0673758865248227,0.152482269503546,0.0354609929078014,0.0354609929078014,0.0673758865248227,0.0460992907801418,0.0460992907801418,0.0354609929078014,0.0673758865248227,0.0567375886524823,0.0567375886524823,0.0460992907801418,0.0354609929078014
"24",0.150877192982456,0.0456140350877193,0.0666666666666667,0.235087719298246,0.0456140350877193,0.0456140350877193,0.0456140350877193,0.0666666666666667,0.0456140350877193,0.0350877192982456,0.0456140350877193,0.0350877192982456,0.056140350877193,0.0350877192982456,0.0456140350877193
"25",0.116352201257862,0.0408805031446541,0.0314465408805031,0.305031446540881,0.0408805031446541,0.0314465408805031,0.050314465408805,0.050314465408805,0.050314465408805,0.0314465408805031,0.050314465408805,0.0408805031446541,0.0691823899371069,0.050314465408805,0.0408805031446541
"26",0.0763888888888889,0.0451388888888889,0.0659722222222222,0.222222222222222,0.0555555555555556,0.0347222222222222,0.0451388888888889,0.0347222222222222,0.0347222222222222,0.0347222222222222,0.0659722222222222,0.0555555555555556,0.128472222222222,0.0555555555555556,0.0451388888888889
"27",0.087719298245614,0.0456140350877193,0.0456140350877193,0.214035087719298,0.056140350877193,0.056140350877193,0.0666666666666667,0.0350877192982456,0.056140350877193,0.0350877192982456,0.0456140350877193,0.0456140350877193,0.087719298245614,0.056140350877193,0.0666666666666667
"28",0.0577777777777778,0.0577777777777778,0.0444444444444444,0.0977777777777778,0.0444444444444444,0.137777777777778,0.0711111111111111,0.0444444444444444,0.0444444444444444,0.0444444444444444,0.0577777777777778,0.0444444444444444,0.137777777777778,0.0577777777777778,0.0577777777777778
"29",0.0772357723577236,0.0528455284552846,0.040650406504065,0.101626016260163,0.0528455284552846,0.150406504065041,0.0772357723577236,0.0528455284552846,0.040650406504065,0.0528455284552846,0.0650406504065041,0.040650406504065,0.0650406504065041,0.0894308943089431,0.040650406504065
"30",0.080168776371308,0.0421940928270042,0.0421940928270042,0.130801687763713,0.0548523206751055,0.130801687763713,0.0675105485232068,0.0548523206751055,0.0675105485232068,0.0421940928270042,0.0548523206751055,0.0421940928270042,0.0928270042194093,0.0548523206751055,0.0421940928270042
"31",0.0781893004115226,0.0411522633744856,0.0411522633744856,0.238683127572016,0.0411522633744856,0.0781893004115226,0.0534979423868313,0.0534979423868313,0.0411522633744856,0.0534979423868313,0.065843621399177,0.0411522633744856,0.0781893004115226,0.0534979423868313,0.0411522633744856
"32",0.045662100456621,0.045662100456621,0.045662100456621,0.264840182648402,0.0593607305936073,0.0593607305936073,0.045662100456621,0.045662100456621,0.0593607305936073,0.0593607305936073,0.045662100456621,0.0593607305936073,0.0730593607305936,0.045662100456621,0.045662100456621
"33",0.045045045045045,0.045045045045045,0.0585585585585586,0.288288288288288,0.045045045045045,0.045045045045045,0.0585585585585586,0.045045045045045,0.0585585585585586,0.0585585585585586,0.045045045045045,0.045045045045045,0.045045045045045,0.045045045045045,0.0720720720720721
"34",0.0528455284552846,0.040650406504065,0.0528455284552846,0.235772357723577,0.040650406504065,0.0528455284552846,0.0772357723577236,0.040650406504065,0.0528455284552846,0.0772357723577236,0.0650406504065041,0.0528455284552846,0.0528455284552846,0.0650406504065041,0.040650406504065
"35",0.0695970695970696,0.0366300366300366,0.0366300366300366,0.245421245421245,0.0586080586080586,0.0586080586080586,0.0805860805860806,0.0366300366300366,0.0695970695970696,0.0805860805860806,0.0476190476190476,0.0476190476190476,0.0476190476190476,0.0366300366300366,0.0476190476190476
"36",0.0797101449275362,0.036231884057971,0.036231884057971,0.264492753623188,0.0471014492753623,0.0471014492753623,0.0688405797101449,0.0471014492753623,0.0579710144927536,0.0471014492753623,0.101449275362319,0.0471014492753623,0.036231884057971,0.036231884057971,0.0471014492753623
"37",0.071969696969697,0.0492424242424242,0.0378787878787879,0.265151515151515,0.0378787878787879,0.0606060606060606,0.0378787878787879,0.0492424242424242,0.0606060606060606,0.0606060606060606,0.0946969696969697,0.0378787878787879,0.0492424242424242,0.0492424242424242,0.0378787878787879
"38",0.0701754385964912,0.0701754385964912,0.043859649122807,0.149122807017544,0.0570175438596491,0.043859649122807,0.0833333333333333,0.043859649122807,0.0833333333333333,0.0570175438596491,0.0833333333333333,0.043859649122807,0.0701754385964912,0.0570175438596491,0.043859649122807
"39",0.0904761904761905,0.0761904761904762,0.0476190476190476,0.176190476190476,0.0476190476190476,0.0476190476190476,0.0476190476190476,0.0476190476190476,0.0476190476190476,0.0619047619047619,0.0761904761904762,0.0476190476190476,0.0761904761904762,0.0476190476190476,0.0619047619047619
"40",0.0698924731182796,0.0537634408602151,0.0537634408602151,0.166666666666667,0.0537634408602151,0.0537634408602151,0.0537634408602151,0.0537634408602151,0.0537634408602151,0.0537634408602151,0.0698924731182796,0.0537634408602151,0.0537634408602151,0.0698924731182796,0.0860215053763441
"41",0.0490196078431373,0.0490196078431373,0.0490196078431373,0.240196078431373,0.0784313725490196,0.0490196078431373,0.0490196078431373,0.0490196078431373,0.0490196078431373,0.0490196078431373,0.0637254901960784,0.0637254901960784,0.0490196078431373,0.0637254901960784,0.0490196078431373
"42",0.0585585585585586,0.045045045045045,0.045045045045045,0.274774774774775,0.045045045045045,0.0585585585585586,0.0585585585585586,0.045045045045045,0.045045045045045,0.0585585585585586,0.0585585585585586,0.045045045045045,0.045045045045045,0.0585585585585586,0.0585585585585586
"43",0.0862745098039216,0.0392156862745098,0.0392156862745098,0.262745098039216,0.0862745098039216,0.0627450980392157,0.0392156862745098,0.0392156862745098,0.0392156862745098,0.0392156862745098,0.0627450980392157,0.0627450980392157,0.0509803921568628,0.0509803921568628,0.0392156862745098
"44",0.0980392156862745,0.0627450980392157,0.0392156862745098,0.23921568627451,0.0509803921568628,0.0509803921568628,0.0392156862745098,0.0392156862745098,0.0392156862745098,0.0509803921568628,0.0980392156862745,0.0627450980392157,0.0392156862745098,0.0509803921568628,0.0392156862745098
"45",0.0797101449275362,0.0471014492753623,0.036231884057971,0.286231884057971,0.036231884057971,0.036231884057971,0.036231884057971,0.036231884057971,0.0471014492753623,0.0471014492753623,0.0688405797101449,0.0797101449275362,0.0579710144927536,0.036231884057971,0.0688405797101449
"46",0.0748299319727891,0.0340136054421769,0.0340136054421769,0.350340136054422,0.0340136054421769,0.0340136054421769,0.054421768707483,0.0340136054421769,0.0340136054421769,0.0442176870748299,0.0442176870748299,0.0442176870748299,0.0340136054421769,0.054421768707483,0.0952380952380952
"47",0.0672782874617737,0.0305810397553517,0.0305810397553517,0.379204892966361,0.0397553516819572,0.0397553516819572,0.0305810397553517,0.0489296636085627,0.0305810397553517,0.0397553516819572,0.0764525993883792,0.0397553516819572,0.0305810397553517,0.0397553516819572,0.0764525993883792
"48",0.0420711974110032,0.0517799352750809,0.0323624595469256,0.313915857605178,0.0420711974110032,0.0323624595469256,0.0517799352750809,0.0420711974110032,0.0711974110032362,0.0517799352750809,0.0614886731391586,0.0711974110032362,0.0323624595469256,0.0420711974110032,0.0614886731391586
"49",0.0905797101449275,0.0471014492753623,0.036231884057971,0.210144927536232,0.0579710144927536,0.0797101449275362,0.036231884057971,0.0471014492753623,0.0905797101449275,0.0471014492753623,0.0579710144927536,0.0688405797101449,0.0471014492753623,0.036231884057971,0.0471014492753623
"50",0.0392156862745098,0.0392156862745098,0.0509803921568628,0.180392156862745,0.0627450980392157,0.0509803921568628,0.0392156862745098,0.0392156862745098,0.156862745098039,0.0745098039215686,0.0627450980392157,0.0745098039215686,0.0392156862745098,0.0392156862745098,0.0509803921568628
"51",0.0862745098039216,0.0392156862745098,0.0509803921568628,0.0980392156862745,0.0627450980392157,0.0509803921568628,0.0745098039215686,0.0509803921568628,0.0980392156862745,0.133333333333333,0.0509803921568628,0.0745098039215686,0.0509803921568628,0.0392156862745098,0.0392156862745098
"52",0.054421768707483,0.054421768707483,0.0340136054421769,0.187074829931973,0.0442176870748299,0.054421768707483,0.0340136054421769,0.0340136054421769,0.105442176870748,0.156462585034014,0.0340136054421769,0.0748299319727891,0.0646258503401361,0.0340136054421769,0.0340136054421769
"53",0.0320512820512821,0.0416666666666667,0.0320512820512821,0.272435897435897,0.0320512820512821,0.0512820512820513,0.0320512820512821,0.0320512820512821,0.128205128205128,0.128205128205128,0.0320512820512821,0.0512820512820513,0.0416666666666667,0.0608974358974359,0.0320512820512821
"54",0.0429042904290429,0.0627062706270627,0.033003300330033,0.280528052805281,0.033003300330033,0.0429042904290429,0.0528052805280528,0.033003300330033,0.0825082508250825,0.0825082508250825,0.033003300330033,0.0627062706270627,0.0429042904290429,0.0528052805280528,0.0627062706270627
"55",0.037037037037037,0.0592592592592593,0.0703703703703704,0.192592592592593,0.037037037037037,0.037037037037037,0.037037037037037,0.0592592592592593,0.0703703703703704,0.0814814814814815,0.0592592592592593,0.0703703703703704,0.0481481481481482,0.103703703703704,0.037037037037037
"56",0.137820512820513,0.0416666666666667,0.0801282051282051,0.0705128205128205,0.0416666666666667,0.0512820512820513,0.0416666666666667,0.0512820512820513,0.0705128205128205,0.0512820512820513,0.0705128205128205,0.0801282051282051,0.0416666666666667,0.0608974358974359,0.108974358974359
"57",0.239393939393939,0.0757575757575758,0.0666666666666667,0.0757575757575758,0.0484848484848485,0.0393939393939394,0.0575757575757576,0.0393939393939394,0.0484848484848485,0.0484848484848485,0.0484848484848485,0.0757575757575758,0.0303030303030303,0.0393939393939394,0.0666666666666667
"58",0.280528052805281,0.0627062706270627,0.0429042904290429,0.0825082508250825,0.0429042904290429,0.0627062706270627,0.0429042904290429,0.0528052805280528,0.033003300330033,0.033003300330033,0.0528052805280528,0.0825082508250825,0.0429042904290429,0.033003300330033,0.0528052805280528
"59",0.210045662100457,0.0730593607305936,0.045662100456621,0.0867579908675799,0.045662100456621,0.0593607305936073,0.0593607305936073,0.045662100456621,0.0593607305936073,0.045662100456621,0.045662100456621,0.0730593607305936,0.045662100456621,0.0593607305936073,0.045662100456621
"60",0.12962962962963,0.115740740740741,0.0462962962962963,0.0601851851851852,0.0462962962962963,0.087962962962963,0.0601851851851852,0.0462962962962963,0.0601851851851852,0.0462962962962963,0.0601851851851852,0.0462962962962963,0.0740740740740741,0.0601851851851852,0.0601851851851852
"61",0.168776371308017,0.105485232067511,0.0421940928270042,0.080168776371308,0.0548523206751055,0.0548523206751055,0.0421940928270042,0.0421940928270042,0.0675105485232068,0.0421940928270042,0.0675105485232068,0.0675105485232068,0.0421940928270042,0.080168776371308,0.0421940928270042
"62",0.213178294573643,0.0503875968992248,0.0387596899224806,0.0387596899224806,0.0387596899224806,0.0852713178294574,0.0503875968992248,0.0387596899224806,0.0503875968992248,0.0387596899224806,0.0852713178294574,0.108527131782946,0.0387596899224806,0.062015503875969,0.062015503875969
"63",0.204166666666667,0.0416666666666667,0.0416666666666667,0.0666666666666667,0.0541666666666667,0.0541666666666667,0.0541666666666667,0.0416666666666667,0.0666666666666667,0.0416666666666667,0.0791666666666667,0.104166666666667,0.0416666666666667,0.0416666666666667,0.0666666666666667
"64",0.18859649122807,0.043859649122807,0.0570175438596491,0.0570175438596491,0.0570175438596491,0.0833333333333333,0.043859649122807,0.043859649122807,0.043859649122807,0.0570175438596491,0.0570175438596491,0.0701754385964912,0.0833333333333333,0.043859649122807,0.0701754385964912
"65",0.145833333333333,0.0520833333333333,0.0677083333333333,0.114583333333333,0.0520833333333333,0.0677083333333333,0.0520833333333333,0.0520833333333333,0.0677083333333333,0.0677083333333333,0.0520833333333333,0.0520833333333333,0.0520833333333333,0.0520833333333333,0.0520833333333333
"66",0.143589743589744,0.0666666666666667,0.0666666666666667,0.0666666666666667,0.0512820512820513,0.0666666666666667,0.0666666666666667,0.0512820512820513,0.0512820512820513,0.0820512820512821,0.0666666666666667,0.0512820512820513,0.0512820512820513,0.0666666666666667,0.0512820512820513
"67",0.106280193236715,0.0483091787439614,0.0772946859903382,0.0917874396135266,0.0483091787439614,0.0483091787439614,0.0483091787439614,0.0483091787439614,0.0483091787439614,0.120772946859903,0.0772946859903382,0.0483091787439614,0.0628019323671498,0.0772946859903382,0.0483091787439614
"68",0.253968253968254,0.0515873015873016,0.0515873015873016,0.0873015873015873,0.0396825396825397,0.0396825396825397,0.0396825396825397,0.0634920634920635,0.0515873015873016,0.0873015873015873,0.0634920634920635,0.0396825396825397,0.0396825396825397,0.0515873015873016,0.0396825396825397
"69",0.241666666666667,0.0416666666666667,0.0541666666666667,0.0791666666666667,0.0416666666666667,0.0416666666666667,0.0416666666666667,0.0416666666666667,0.0541666666666667,0.0791666666666667,0.0666666666666667,0.0541666666666667,0.0416666666666667,0.0541666666666667,0.0666666666666667
"70",0.187793427230047,0.0469483568075117,0.0469483568075117,0.0751173708920188,0.0469483568075117,0.0610328638497653,0.0610328638497653,0.0469483568075117,0.0610328638497653,0.0469483568075117,0.0751173708920188,0.0610328638497653,0.0610328638497653,0.0469483568075117,0.0751173708920188
"71",0.133333333333333,0.0476190476190476,0.0476190476190476,0.0904761904761905,0.0619047619047619,0.0476190476190476,0.104761904761905,0.0619047619047619,0.0619047619047619,0.0476190476190476,0.0761904761904762,0.0476190476190476,0.0476190476190476,0.0476190476190476,0.0761904761904762
"72",0.116666666666667,0.0541666666666667,0.0416666666666667,0.129166666666667,0.0541666666666667,0.0416666666666667,0.0666666666666667,0.0541666666666667,0.0791666666666667,0.0541666666666667,0.0791666666666667,0.0416666666666667,0.0416666666666667,0.0416666666666667,0.104166666666667
"73",0.114814814814815,0.037037037037037,0.0481481481481482,0.148148148148148,0.037037037037037,0.0481481481481482,0.0703703703703704,0.0592592592592593,0.0592592592592593,0.103703703703704,0.103703703703704,0.037037037037037,0.037037037037037,0.037037037037037,0.0592592592592593
"74",0.101626016260163,0.0528455284552846,0.0528455284552846,0.126016260162602,0.040650406504065,0.0528455284552846,0.0528455284552846,0.040650406504065,0.0772357723577236,0.0894308943089431,0.0772357723577236,0.040650406504065,0.040650406504065,0.0772357723577236,0.0772357723577236
"75",0.117370892018779,0.0751173708920188,0.0610328638497653,0.117370892018779,0.0469483568075117,0.0469483568075117,0.0469483568075117,0.0469483568075117,0.0469483568075117,0.103286384976526,0.0751173708920188,0.0610328638497653,0.0610328638497653,0.0469483568075117,0.0469483568075117
"76",0.0974358974358975,0.0666666666666667,0.0666666666666667,0.205128205128205,0.0512820512820513,0.0512820512820513,0.0512820512820513,0.0512820512820513,0.0512820512820513,0.0512820512820513,0.0512820512820513,0.0512820512820513,0.0512820512820513,0.0512820512820513,0.0512820512820513
"77",0.0546448087431694,0.0874316939890711,0.0546448087431694,0.153005464480874,0.0546448087431694,0.0546448087431694,0.0546448087431694,0.0546448087431694,0.0546448087431694,0.0546448087431694,0.0710382513661202,0.0546448087431694,0.0546448087431694,0.0546448087431694,0.0874316939890711
"78",0.0846560846560847,0.0687830687830688,0.0529100529100529,0.164021164021164,0.0687830687830688,0.0529100529100529,0.0529100529100529,0.0529100529100529,0.0529100529100529,0.0529100529100529,0.0529100529100529,0.0529100529100529,0.0529100529100529,0.0687830687830688,0.0687830687830688
"79",0.0546448087431694,0.0874316939890711,0.0546448087431694,0.169398907103825,0.0546448087431694,0.0546448087431694,0.0546448087431694,0.0546448087431694,0.0546448087431694,0.0546448087431694,0.0710382513661202,0.0546448087431694,0.0546448087431694,0.0710382513661202,0.0546448087431694
"80",0.0945273631840796,0.0646766169154229,0.0497512437810945,0.154228855721393,0.0646766169154229,0.0646766169154229,0.0646766169154229,0.0497512437810945,0.0646766169154229,0.0497512437810945,0.0646766169154229,0.0497512437810945,0.0497512437810945,0.0497512437810945,0.0646766169154229
"81",0.133333333333333,0.0761904761904762,0.0476190476190476,0.104761904761905,0.0761904761904762,0.0476190476190476,0.0476190476190476,0.0619047619047619,0.0476190476190476,0.0619047619047619,0.0761904761904762,0.0619047619047619,0.0476190476190476,0.0476190476190476,0.0619047619047619
"82",0.155251141552511,0.045662100456621,0.045662100456621,0.0867579908675799,0.0730593607305936,0.0593607305936073,0.045662100456621,0.045662100456621,0.045662100456621,0.0593607305936073,0.0730593607305936,0.0730593607305936,0.045662100456621,0.0730593607305936,0.0730593607305936
"83",0.253968253968254,0.0396825396825397,0.0396825396825397,0.0396825396825397,0.0634920634920635,0.0396825396825397,0.0753968253968254,0.0396825396825397,0.0396825396825397,0.0396825396825397,0.0515873015873016,0.123015873015873,0.0396825396825397,0.0515873015873016,0.0634920634920635
"84",0.326164874551971,0.03584229390681,0.03584229390681,0.0465949820788531,0.03584229390681,0.03584229390681,0.03584229390681,0.03584229390681,0.0465949820788531,0.0465949820788531,0.0573476702508961,0.132616487455197,0.0465949820788531,0.0465949820788531,0.03584229390681
"85",0.333333333333333,0.0460992907801418,0.0354609929078014,0.0354609929078014,0.0354609929078014,0.0354609929078014,0.0354609929078014,0.0354609929078014,0.0673758865248227,0.0354609929078014,0.0673758865248227,0.109929078014184,0.0460992907801418,0.0460992907801418,0.0354609929078014
"86",0.176245210727969,0.0383141762452107,0.049808429118774,0.118773946360153,0.049808429118774,0.0383141762452107,0.049808429118774,0.0383141762452107,0.0957854406130268,0.0383141762452107,0.049808429118774,0.0613026819923372,0.0727969348659004,0.0727969348659004,0.049808429118774
"87",0.12280701754386,0.043859649122807,0.0570175438596491,0.109649122807018,0.0570175438596491,0.0570175438596491,0.043859649122807,0.043859649122807,0.0964912280701754,0.0570175438596491,0.0701754385964912,0.0833333333333333,0.043859649122807,0.0701754385964912,0.043859649122807
"88",0.176245210727969,0.0383141762452107,0.0613026819923372,0.0842911877394636,0.0613026819923372,0.049808429118774,0.0957854406130268,0.049808429118774,0.049808429118774,0.049808429118774,0.0727969348659004,0.049808429118774,0.0613026819923372,0.049808429118774,0.049808429118774
"89",0.216666666666667,0.0541666666666667,0.0541666666666667,0.0666666666666667,0.0666666666666667,0.0416666666666667,0.0666666666666667,0.0666666666666667,0.0416666666666667,0.0541666666666667,0.0791666666666667,0.0416666666666667,0.0416666666666667,0.0416666666666667,0.0666666666666667
"90",0.149122807017544,0.043859649122807,0.0570175438596491,0.0701754385964912,0.043859649122807,0.0701754385964912,0.0964912280701754,0.043859649122807,0.0570175438596491,0.0570175438596491,0.109649122807018,0.043859649122807,0.0570175438596491,0.043859649122807,0.0570175438596491
"91",0.177083333333333,0.0520833333333333,0.0520833333333333,0.0677083333333333,0.0520833333333333,0.0520833333333333,0.0677083333333333,0.0520833333333333,0.0677083333333333,0.0520833333333333,0.0677083333333333,0.0520833333333333,0.0520833333333333,0.0520833333333333,0.0833333333333333
"92",0.128205128205128,0.0512820512820513,0.0512820512820513,0.0512820512820513,0.0512820512820513,0.0512820512820513,0.0820512820512821,0.0512820512820513,0.0820512820512821,0.0512820512820513,0.128205128205128,0.0512820512820513,0.0512820512820513,0.0512820512820513,0.0666666666666667
"93",0.181481481481481,0.0481481481481482,0.037037037037037,0.0592592592592593,0.0703703703703704,0.037037037037037,0.037037037037037,0.0592592592592593,0.0481481481481482,0.037037037037037,0.137037037037037,0.037037037037037,0.0592592592592593,0.0592592592592593,0.0925925925925926
"94",0.228228228228228,0.03003003003003,0.03003003003003,0.0840840840840841,0.0750750750750751,0.03003003003003,0.039039039039039,0.039039039039039,0.03003003003003,0.0480480480480481,0.192192192192192,0.03003003003003,0.039039039039039,0.03003003003003,0.0750750750750751
"95",0.202380952380952,0.0238095238095238,0.0238095238095238,0.0523809523809524,0.0595238095238095,0.0380952380952381,0.0666666666666667,0.0238095238095238,0.0238095238095238,0.0380952380952381,0.230952380952381,0.030952380952381,0.0380952380952381,0.0523809523809524,0.0952380952380952
"96",0.180790960451977,0.0282485875706215,0.0282485875706215,0.0451977401129944,0.0536723163841808,0.0282485875706215,0.0706214689265537,0.0282485875706215,0.0282485875706215,0.104519774011299,0.240112994350282,0.0367231638418079,0.0367231638418079,0.0367231638418079,0.0536723163841808
"97",0.146031746031746,0.0507936507936508,0.0412698412698413,0.0317460317460317,0.0698412698412698,0.0412698412698413,0.0412698412698413,0.0317460317460317,0.0412698412698413,0.0698412698412698,0.212698412698413,0.0603174603174603,0.0412698412698413,0.0317460317460317,0.0888888888888889
"98",0.181434599156118,0.0548523206751055,0.0421940928270042,0.105485232067511,0.0421940928270042,0.0421940928270042,0.0675105485232068,0.0421940928270042,0.0421940928270042,0.0548523206751055,0.0675105485232068,0.080168776371308,0.0548523206751055,0.0548523206751055,0.0675105485232068
"99",0.149122807017544,0.0570175438596491,0.043859649122807,0.12280701754386,0.0570175438596491,0.043859649122807,0.0833333333333333,0.043859649122807,0.0570175438596491,0.043859649122807,0.0570175438596491,0.0701754385964912,0.043859649122807,0.0701754385964912,0.0570175438596491
"100",0.14859437751004,0.0401606425702811,0.0763052208835341,0.136546184738956,0.0401606425702811,0.0401606425702811,0.0642570281124498,0.0522088353413655,0.0522088353413655,0.0642570281124498,0.0522088353413655,0.0401606425702811,0.0763052208835341,0.0522088353413655,0.0642570281124498
"101",0.138211382113821,0.0528455284552846,0.0528455284552846,0.101626016260163,0.040650406504065,0.0528455284552846,0.040650406504065,0.0894308943089431,0.0528455284552846,0.0772357723577236,0.0650406504065041,0.0528455284552846,0.0528455284552846,0.0772357723577236,0.0528455284552846
"102",0.174242424242424,0.0378787878787879,0.071969696969697,0.128787878787879,0.0378787878787879,0.0492424242424242,0.0606060606060606,0.0606060606060606,0.0378787878787879,0.0946969696969697,0.0378787878787879,0.0378787878787879,0.0378787878787879,0.0833333333333333,0.0492424242424242
"103",0.298039215686275,0.0392156862745098,0.0392156862745098,0.0627450980392157,0.0392156862745098,0.0509803921568628,0.0392156862745098,0.0509803921568628,0.0509803921568628,0.0862745098039216,0.0509803921568628,0.0392156862745098,0.0392156862745098,0.0627450980392157,0.0509803921568628
"104",0.229166666666667,0.0541666666666667,0.0416666666666667,0.0541666666666667,0.0666666666666667,0.0416666666666667,0.0666666666666667,0.0541666666666667,0.0666666666666667,0.0666666666666667,0.0541666666666667,0.0416666666666667,0.0541666666666667,0.0416666666666667,0.0666666666666667
"105",0.194092827004219,0.0548523206751055,0.0421940928270042,0.0421940928270042,0.0548523206751055,0.0421940928270042,0.0421940928270042,0.0421940928270042,0.105485232067511,0.118143459915612,0.0421940928270042,0.0421940928270042,0.0548523206751055,0.0421940928270042,0.080168776371308
"106",0.0462962962962963,0.0601851851851852,0.0462962962962963,0.0601851851851852,0.0601851851851852,0.0601851851851852,0.0601851851851852,0.0462962962962963,0.0740740740740741,0.143518518518519,0.0462962962962963,0.0740740740740741,0.0601851851851852,0.0740740740740741,0.087962962962963
"107",0.0555555555555556,0.0811965811965812,0.0427350427350427,0.0555555555555556,0.0555555555555556,0.094017094017094,0.0555555555555556,0.0555555555555556,0.0683760683760684,0.158119658119658,0.0555555555555556,0.0555555555555556,0.0555555555555556,0.0555555555555556,0.0555555555555556
"108",0.0562770562770563,0.0692640692640693,0.0432900432900433,0.0562770562770563,0.0562770562770563,0.0562770562770563,0.0562770562770563,0.0432900432900433,0.0432900432900433,0.186147186147186,0.0822510822510823,0.0692640692640693,0.0432900432900433,0.0692640692640693,0.0692640692640693
"109",0.0711111111111111,0.0711111111111111,0.0444444444444444,0.0711111111111111,0.0577777777777778,0.0711111111111111,0.0444444444444444,0.0444444444444444,0.0577777777777778,0.191111111111111,0.0577777777777778,0.0577777777777778,0.0577777777777778,0.0577777777777778,0.0444444444444444
"110",0.045045045045045,0.045045045045045,0.045045045045045,0.13963963963964,0.045045045045045,0.045045045045045,0.0585585585585586,0.045045045045045,0.0855855855855856,0.153153153153153,0.0585585585585586,0.0585585585585586,0.0855855855855856,0.045045045045045,0.045045045045045
"111",0.045662100456621,0.045662100456621,0.045662100456621,0.100456621004566,0.045662100456621,0.045662100456621,0.0730593607305936,0.045662100456621,0.100456621004566,0.127853881278539,0.0730593607305936,0.0730593607305936,0.0730593607305936,0.0593607305936073,0.045662100456621
"112",0.0952380952380952,0.0562770562770563,0.0432900432900433,0.0952380952380952,0.0692640692640693,0.0432900432900433,0.0822510822510823,0.0432900432900433,0.0562770562770563,0.0952380952380952,0.0562770562770563,0.0952380952380952,0.0692640692640693,0.0432900432900433,0.0562770562770563
"113",0.114155251141553,0.045662100456621,0.045662100456621,0.0867579908675799,0.0593607305936073,0.0593607305936073,0.0867579908675799,0.045662100456621,0.0730593607305936,0.0730593607305936,0.0593607305936073,0.100456621004566,0.045662100456621,0.0593607305936073,0.045662100456621
"114",0.160642570281124,0.0522088353413655,0.0401606425702811,0.112449799196787,0.0763052208835341,0.0401606425702811,0.0522088353413655,0.0401606425702811,0.0642570281124498,0.0883534136546185,0.0522088353413655,0.0763052208835341,0.0401606425702811,0.0522088353413655,0.0522088353413655
"115",0.11522633744856,0.0411522633744856,0.0411522633744856,0.189300411522634,0.0534979423868313,0.065843621399177,0.0411522633744856,0.065843621399177,0.0534979423868313,0.102880658436214,0.0411522633744856,0.0411522633744856,0.065843621399177,0.0411522633744856,0.0411522633744856
"116",0.102564102564103,0.0366300366300366,0.0366300366300366,0.168498168498169,0.0476190476190476,0.0476190476190476,0.0476190476190476,0.0476190476190476,0.0586080586080586,0.113553113553114,0.0586080586080586,0.0476190476190476,0.0476190476190476,0.0915750915750916,0.0476190476190476
"117",0.0613026819923372,0.0383141762452107,0.0383141762452107,0.14176245210728,0.0383141762452107,0.049808429118774,0.049808429118774,0.0613026819923372,0.0383141762452107,0.10727969348659,0.0957854406130268,0.0727969348659004,0.0613026819923372,0.0957854406130268,0.049808429118774
"118",0.207119741100324,0.0323624595469256,0.0420711974110032,0.110032362459547,0.0323624595469256,0.0323624595469256,0.0420711974110032,0.0420711974110032,0.0323624595469256,0.0906148867313916,0.100323624595469,0.0809061488673139,0.0517799352750809,0.0614886731391586,0.0420711974110032
"119",0.184848484848485,0.0484848484848485,0.0484848484848485,0.157575757575758,0.0303030303030303,0.0484848484848485,0.0303030303030303,0.0393939393939394,0.0484848484848485,0.0666666666666667,0.0484848484848485,0.0484848484848485,0.0393939393939394,0.0757575757575758,0.0848484848484849
"120",0.179271708683473,0.061624649859944,0.0532212885154062,0.212885154061625,0.0280112044817927,0.0280112044817927,0.0280112044817927,0.0280112044817927,0.0532212885154062,0.0364145658263305,0.0700280112044818,0.0532212885154062,0.0364145658263305,0.0700280112044818,0.061624649859944
"121",0.0608974358974359,0.0801282051282051,0.0320512820512821,0.291666666666667,0.0320512820512821,0.0320512820512821,0.0416666666666667,0.0320512820512821,0.0512820512820513,0.0608974358974359,0.0705128205128205,0.0416666666666667,0.0512820512820513,0.0416666666666667,0.0801282051282051
"122",0.0378787878787879,0.106060606060606,0.0378787878787879,0.196969696969697,0.0606060606060606,0.0378787878787879,0.0378787878787879,0.0378787878787879,0.0492424242424242,0.0833333333333333,0.071969696969697,0.0378787878787879,0.0606060606060606,0.0492424242424242,0.0946969696969697
"123",0.0432900432900433,0.0562770562770563,0.0432900432900433,0.134199134199134,0.0692640692640693,0.0432900432900433,0.0562770562770563,0.0432900432900433,0.0692640692640693,0.108225108225108,0.0432900432900433,0.0432900432900433,0.0822510822510823,0.0562770562770563,0.108225108225108
"124",0.0476190476190476,0.0476190476190476,0.0619047619047619,0.0904761904761905,0.0904761904761905,0.0619047619047619,0.0476190476190476,0.0476190476190476,0.0619047619047619,0.119047619047619,0.0619047619047619,0.0761904761904762,0.0904761904761905,0.0476190476190476,0.0476190476190476
"125",0.0490196078431373,0.0784313725490196,0.0637254901960784,0.0637254901960784,0.0490196078431373,0.0490196078431373,0.0637254901960784,0.0637254901960784,0.0784313725490196,0.122549019607843,0.0490196078431373,0.0637254901960784,0.0784313725490196,0.0637254901960784,0.0637254901960784
"126",0.0656565656565657,0.0656565656565657,0.0505050505050505,0.0656565656565657,0.0808080808080808,0.0505050505050505,0.0808080808080808,0.0656565656565657,0.0808080808080808,0.0808080808080808,0.095959595959596,0.0505050505050505,0.0505050505050505,0.0656565656565657,0.0505050505050505
"127",0.0416666666666667,0.0791666666666667,0.0541666666666667,0.0541666666666667,0.0666666666666667,0.0541666666666667,0.104166666666667,0.0666666666666667,0.0666666666666667,0.0666666666666667,0.104166666666667,0.0666666666666667,0.0541666666666667,0.0666666666666667,0.0541666666666667
"128",0.0350877192982456,0.0666666666666667,0.056140350877193,0.0456140350877193,0.056140350877193,0.0456140350877193,0.056140350877193,0.056140350877193,0.087719298245614,0.0982456140350877,0.150877192982456,0.056140350877193,0.0350877192982456,0.087719298245614,0.0666666666666667
"129",0.0320512820512821,0.0512820512820513,0.0416666666666667,0.0320512820512821,0.0416666666666667,0.0416666666666667,0.0512820512820513,0.0705128205128205,0.0608974358974359,0.137820512820513,0.128205128205128,0.0897435897435897,0.0608974358974359,0.0897435897435897,0.0705128205128205
"130",0.0788530465949821,0.0465949820788531,0.03584229390681,0.0573476702508961,0.0465949820788531,0.0573476702508961,0.0465949820788531,0.0788530465949821,0.0681003584229391,0.154121863799283,0.111111111111111,0.03584229390681,0.0573476702508961,0.0788530465949821,0.0465949820788531
"131",0.0666666666666667,0.0666666666666667,0.0416666666666667,0.0416666666666667,0.0416666666666667,0.0791666666666667,0.0541666666666667,0.0916666666666667,0.0416666666666667,0.129166666666667,0.116666666666667,0.0666666666666667,0.0416666666666667,0.0666666666666667,0.0541666666666667
"132",0.199134199134199,0.0432900432900433,0.0432900432900433,0.0822510822510823,0.0432900432900433,0.0432900432900433,0.0692640692640693,0.0562770562770563,0.0562770562770563,0.0562770562770563,0.0822510822510823,0.0692640692640693,0.0432900432900433,0.0692640692640693,0.0432900432900433
"133",0.182648401826484,0.045662100456621,0.045662100456621,0.0867579908675799,0.045662100456621,0.045662100456621,0.100456621004566,0.0593607305936073,0.045662100456621,0.0730593607305936,0.0593607305936073,0.0593607305936073,0.045662100456621,0.045662100456621,0.0593607305936073
"134",0.16017316017316,0.0432900432900433,0.0562770562770563,0.108225108225108,0.0432900432900433,0.0432900432900433,0.0562770562770563,0.0432900432900433,0.0432900432900433,0.0562770562770563,0.0562770562770563,0.0952380952380952,0.0692640692640693,0.0692640692640693,0.0562770562770563
"135",0.0751173708920188,0.0469483568075117,0.0469483568075117,0.0610328638497653,0.0469483568075117,0.0469483568075117,0.0610328638497653,0.0469483568075117,0.0610328638497653,0.103286384976526,0.0892018779342723,0.131455399061033,0.0610328638497653,0.0469483568075117,0.0751173708920188
"136",0.0675105485232068,0.0421940928270042,0.0421940928270042,0.0675105485232068,0.0548523206751055,0.0421940928270042,0.080168776371308,0.0421940928270042,0.0675105485232068,0.0928270042194093,0.0675105485232068,0.168776371308017,0.0421940928270042,0.0548523206751055,0.0675105485232068
"137",0.0387596899224806,0.0387596899224806,0.0387596899224806,0.0387596899224806,0.062015503875969,0.0736434108527132,0.0852713178294574,0.0503875968992248,0.0736434108527132,0.0852713178294574,0.0736434108527132,0.155038759689922,0.0736434108527132,0.0503875968992248,0.062015503875969
"138",0.0383141762452107,0.0383141762452107,0.049808429118774,0.049808429118774,0.0383141762452107,0.049808429118774,0.118773946360153,0.0727969348659004,0.10727969348659,0.049808429118774,0.0613026819923372,0.130268199233716,0.0613026819923372,0.0957854406130268,0.0383141762452107
"139",0.0555555555555556,0.0427350427350427,0.0427350427350427,0.0427350427350427,0.0555555555555556,0.0683760683760684,0.0811965811965812,0.0811965811965812,0.106837606837607,0.0683760683760684,0.0555555555555556,0.11965811965812,0.0811965811965812,0.0555555555555556,0.0427350427350427
